200
1651853058
25757390
1260240683
233948820
2082743730
690424010
1102191329
335727481
1132232498
578997819
967939376
968466407
1236341836
145469280
1065798674
717214291
394878226
993875152
931873298
396281915
963356058
1246052073
136665367
1274804526
195322363
1427942325
1296901050
56930300
1197329185
1589839905
1447747361
1300175817
1408848094
355224036
245834392
2127573163
371944344
2091176838
691749464
1904260237
953012018
1339947200
1979067958
1968445370
1675751555
108354480
47612704
1362799444
1657160053
1173592828
2084846148
1666024984
1990116502
830247089
1761570264
1501869506
398000504
1930393970
2095998561
126069339
1428504631
10159757
1103827786
2069856516
990866659
1907738975
1438103115
270606820
1865943041
1200992946
889645269
1486885669
1967722391
262061737
2130137409
519553926
474325580
530725396
1402144581
1505914336
1807465257
1912387584
110379639
1872205312
1224282940
1482550673
2123888617
722805485
2024278963
1620595367
811238268
107895473
923016643
1866336620
1373424258
1987266250
170701959
2097156168
254617365
1566628731
32086050
251846953
101470834
318291320
140450563
468084288
860029455
1950105875
534020611
950248264
2134173956
1789806298
1471006957
1382182035
1002852646
1492759666
1907742208
1492440146
832536862
1591079429
805590759
1826975825
1261505969
24774152
1914828793
337590009
223485889
178437820
1117269528
351947728
1015500658
1467016297
883152472
1884112487
1632193994
328350380
1699347517
1548696766
1444744522
223584625
1837893772
75847556
1312071021
1615562551
2124045636
1214340171
1878156556
315109439
349667771
1350969005
391467304
1648567567
641084975
789717826
1338563122
191705482
768565474
165784813
1059061932
1309424788
89997460
758822732
1775760838
1632161907
1936547818
297023194
1316825930
2074423175
433293180
241429283
1105350198
1887231236
361917262
1069734130
288430226
776217103
2065178243
1820027287
441544741
1486461602
1282879263
615957361
1524187787
1839194693
465590333
1893800710
1253400783
1239866458
1401732765
1026973765
1021997416
1136362006
1264162071
1716207526
1447026625
2071667747
1367455018
446497332
972796306
994510331
